18 0.152437 0.300000 0.178151 0.075630
18 0.243193 0.734454 0.235294 0.157983
18 0.472605 0.720168 0.210084 0.179832
18 0.640672 0.679832 0.213445 0.109244
18 0.702857 0.587395 0.243697 0.092437
18 0.775966 0.510924 0.221849 0.097479
18 0.662521 0.285714 0.216807 0.131092
18 0.579328 0.096639 0.174790 0.105882
18 0.684370 0.176471 0.193277 0.087395
18 0.460840 0.353782 0.173109 0.092437
18 0.431429 0.552101 0.107563 0.200000
18 0.257479 0.169748 0.136134 0.127731
18 0.429748 0.258824 0.127731 0.144538
18 0.187731 0.447899 0.154622 0.149580