18 0.357681 0.810084 0.228447 0.164706
18 0.644305 0.593277 0.217096 0.114286
18 0.516601 0.804202 0.106420 0.257143
18 0.621602 0.783193 0.131960 0.252101
18 0.705319 0.756303 0.137636 0.255462
18 0.220755 0.707563 0.161758 0.235294
18 0.825928 0.567227 0.219934 0.149580
18 0.860692 0.391597 0.210001 0.114286
18 0.167545 0.405042 0.131960 0.188235
18 0.217208 0.221849 0.114933 0.205042
18 0.325046 0.176471 0.089392 0.178151
18 0.513054 0.125210 0.141893 0.129412
18 0.544980 0.314286 0.168852 0.121008